615036242
206582310
239004241
112482949
316698702
52864573
304417790
443427122
449534157
474599674
321523767
500057409
962420576
244824998
11981936
350076894
39716308
556241342
873388592
802659026
398232788
775358226
670216134
629356862
113696639
574097735
358606706
805532335
49200013
753416523
685833678
156560548
398243402
69357582
248414920
880738159
91207112
668173904
671387346
732727832
903360174
764781845
604313719
486638497
112920337
75938759
371333738
936451590
944813116
170806582
443550607
413784679
295862721
618022273
828846925
928729343
988626569
438040963
557655257
847490185
670737810
97405336
322976697
338536842
29942782
428423776
121962129
886217676
224421799
829576994
81159140
649442752
448237256
525672545
388397725
462539089
148854229
671207812
283663972
827573825
315671326
236558428
795115722
255780998
280162879
584828522
764835568
257797430
341552065
419392969
902921916
704881445
517733829
48857511
209217220
566111930
475528588
445237500
110529425
170919366
553899679
882249816
715491062
474515399
806963109
494728904
77639557
878050240
858569605
202154088
110262844
349922940
725293060
691103209
804657314
142380411
557354754
845928061
475182892
338007355
512982323
25088011
563360466
323953288
673471837
381672173
458364073
46555407
953811881
421684786
300339826
62978098
909828423
919649337
989724177
454421288
299197155
94940159
825142611
971914949
751404717
126618227
633426557
422207428
652907844
230873114
49582312
242225882
606541650
54584274
18105593
913300176
281672874
583049496
192995093
533379730
93662499
803988126
183600719
113459525
425946090
202002946
581122222
541462323
978650859
838084210
495632364
621145337
339024746
786077793
893790800
513040596
994078782
647123502
69099567
898910639
485507724
297956677
260114871
774559815
670530631
332896534
360255789
228401929
814655584
418203981
141281287
579836631
468595339
347545771
105898773
74845698
887055036
201919102
85487153
342269344
77609865
722154104
91755427
635822551
174572872
112292150
216754060
186456319
131308849
430600302
878520837
596947212
180395689
750814201
981450986
485471617
71263812
686546585
474085535
285312594
368187794
366980313
774893860
266876887
155657814
756193790
294957727
526337297
220586019
319723754
847885004
602318871
383799639
961593197
216631958
307611017
704238221
722712055
819261655
571500913
160134691
809448393
845097748
981426539
104735834
545633827
779706888
956801806
910855616
902774848
871511767
404807765
335080136
852988256
438747813
9201399
393855753
883898199
943643668
787264207
475112021
664106262
78925868
453146580
784460492
664934331
299434337
576266213
543554374
449460178
605085578
27687972
654099306
349460603
717752616
134060360
112407486
238261705
867895814
334648747
825856564
767931965
973315494
885820006
643424261
37514719
514624272
224406815
970166135
9524971
678397241
544389466
196553793
114100183
123365845
648176081
784119108
775749568
653983417
170327573
557421367
219088159
21526713
7573624
567861962
444333887
961137643
183358244
683188512
822409043
439753025
775026543
765830194
782711409
236146841
961624793
965003650
450060454
493530384
860213537
787700184
519728540
816849312
69221756
629760927
475120015
780608104
927457905
831827999
299501373
564927289
319270638
134983690
49679411
335285172
302963547
578318972
708081057
663419114
457621278
94144827
975094352
386326645
572932247
277970963
326224228
103080910
78571405
742070079
448760454
137316657
595551198
723624924
108806449
712152999
947534129
951153912
982697840
45516259
690536947
936518289
782842887
547878295
708866605
425590421
669787374
947062717
627926828
13392651
535316485
641345559
645336763
855019172
442611055
752655962
690235389
620531916
253871256
142272065
457481903
118317577
154225386
787273000
440640222
995331596
273764523
495650609
5780592
101375656
668192210
20330207
880830742
336657474
464591104
482854386
962025922
802456110
817457770
848954438
729915298
37884314
823760140
148566877
406805779
514013743
603131499
52958745
42592403
114546888
129622069
768936567
926173943
696432541
803626638
391230865
109525979
949020454
376847617
470022144
581844615
103552287
341149827
199395436
248681814
964942161
413729844
671152184
629930560
711235493
799201196
67054624
541281723
874569645
397626558
794642215
590481690
159474470
552652888
927813784
328904193
483768332
91443305
996440560
905263423
882111280
733123506
879000832
963316932
92629248
409350036
147317134
612052141
72748956
172251057
312314464
898179080
741698815
336631193
236912873
13156044
892135044
798450216
8853988
683172617
654665721
190869348
733740407
387881295
952867801
309007445
329490605
861000153
201131990
818642355
764903096
991365005
901249444
806141179
275763446
672481539
969771065
234778982
360800199
230523739
535115317
751119334
165192323
323216365
118522659
369806797
953146195
725585253
287010587
878372712
493362120
36348263
234412610
811121555
573640547
803041786
165668552
676162472
297680437
214692697
373058024
231462345
729696243
885093499
653921292
636179835
20997634
394337214
50655005
249977575
89781883
1401561
432125367
38396794
668178204
761723241
700291792
341343113
321631960
311585028
564142797
913622966
897809917
72177080
576576527
344224501
257358918
695945554
469119487
666793551
274031821
495826393
806496388
266325296
709261584
329683382
399302319
524381646
538365925
91555602
315349902
356083834
823921261
285286577
288747935
101786484
582485205
643103978
830648778
915610361
66975756
292349161
895602077
816605874
702138601
788252909
905765120
39738902
752009995
295480955
21762682
856622299
457756201
519701065
870239833
994809978
450687257
583421038
465563807
908022323
421896757
359691832
799535537
613586233
814475242
733441472
988021006
364403171
809938347
802138763
307657566
337806777
197452502
239974610
371394850
834547046
79571342
246580897
696229399
2849415
657311787
948469995
613492771
782441873
72738199
320105311
530592378
265387024
311394177
971748728
259274173
54234889
353129652
551694567
261443776
534535893
814257331
764600578
328257203
19965919
718511909
698215087
254147962
740771522
924153018
714082798
53431021
496272968
669953666
165912354
386635666
457808701
79283779
821251745
11149477
431460972
928095593
700229495
419617866
573212198
197133675
147860681
901503495
524914987
997357101
767278756
868662516
906199848
891241171
521489932
132029364
607060683
907296701
574979474
401720055
420429610
304102874
545774524
231945345
179560659
228222917
105493899
303826870
22362025
526999162
333667583
505917588
253421085
652470465
272493747
342980597
936493778
441925259
646970511
115960507
806815142
540748369
613092554
747386079
657496017
520543095
43627001
502545899
555514394
912920801
197523013
679597690
605779412
983926684
850313331
534745237
297806788
400322605
479559193
87977207
485984023
520097956
622954146
916552906
235836889
60975397
505580559
707271939
484825968
817801442
520136182
257277569
308497396
97066218
331537709
47719269
227472061
57009941
27178885
705482973
478179475
440885555
168860026
823393337
689307208
338291066
840453883
219240376
36129714
996897805
572760536
646924664
399466596
615116565
521604010
323106717
623258652
776394086
936130970
943533137
504003990
202103131
156012294
870183167
114651819
130410665
213495662
808609523
275707797
64891333
472923877
655009680
9843270
261314216
222746329
944575929
325672043
252618304
367945951
186933823
605081497
946040577
991207379
304381533
250133348
305200994
980006661
956192533
457441951
726293097
826991160
736325568
449580227
601290607
456183262
705164927
912905439
285839405
206092851
575002665
994733318
977785930
643525073
931817886
177898846
612126475
320129181
690814345
174632281
122177451
54895313
484601192
576351883
839832152
888252841
576201600
696488754
457409628
452287559
63332544
667244150
651670257
619089217
922989262
223945736
528960399
943549491
121726377
704690212
141208449
648335203
246440529
954603363
520361085
763119992
257147438
365928278
546658901
826990890
565948603
786767780
439166483
58633289
613036710
394856275
197373185
505219611
410917960
976649201
230960456
879564504
883765976
882717818
126682469
515285425
828718119
71212150
432419011
694635357
979197564
568465108
95434671
971189523
560363771
660224616
674957211
211703786
502967657
734613960
203207840
167346435
481735722
717227251
394217636
22329998
504768300
620554490
52682038
347827244
836000368
868310661
176608416
471385555
281367088
848424941
129279732
492846676
355916653
820413415
396305963
28932127
482399248
912581896
956119013
979535251
954404575
683914542
590944798
621953292
32952845
929048420
322155512
635783250
390148449
566009549
868049171
427065824
971329201
482563679
319305803
574216202
817892999
519607735
497369732
841017927
553432899
834736100
489930101
139356615
724389002
999178712
457447394
793463781
444801536
889781349
964968771
348451994
322326279
154635669
876414050
253877964
433023346
75970142
256140456
376822765
145288819
851489759
39195552
701307486
875294572
841927905
588067353
66181039
458061805
657379237
736350346
677048431
328598936
739045733
667579173
453502907
514072232
988539556
43146341
956328008
920404895
220401285
345073781
160310079
367182974
506550539
207217670
178010492
999010650
254958773
734654199
389473084
805867328
79978818
809569952
345779993
339634357
83037789
498352530
476980595
423106684
882644263
343855580
304317300
727692534
447996727
737514042
560680926
768039872
777085415
342569299
843430863
793926497
173654693
845974238
599946932
862950525
136203674
615384094
62218432
291530767
94011847
963328838
630981466
706685110
307744444
282053043
626783838
767261867
807942661
892103224
622726189
483401834
823077496
569725881
902413347
520025590
917371720
771151820
311292367
671133729
744605233
590639955
554996814
905038200
433252915
789079015
89904977
686731066
516672534
110381447
734899684
468942212
698612910
826143868
685842565
646969261
906157366
454689997
349415909
733071928
531985639
44484077
430587920
171427964
450803090
140205889
508345159
707944751
733312613
695420469
488178173
241468243
372538775
806601495
423508032
552050616
582044204
44361606
920627313
594769632
192321413
408272266
8919806
611849107
801855380
312186598
539497683
170348013
519209561
561316288
831682498
820617832
548767880
174432874
571183433
632625764
668013123
795307317
787841581
176069456
397474778
635071039
635508867
391256639
6877869
789133833
710898771
746658892
759272814
587793070
643349634
78935658
729411291
678577200
316043049
928427940
940858435
68761630
684425730
495358355
596209248
155837096
137656710
19713506
127961828
425008753
901185521
825335004
766354104
216623803
908535730
402428848
975958614
421603323
787584025
69115380
73515224
387004609
136211101
616607649
333597398
448998685
454454069
685376827
642711253
290584257
228629221
33382247
719161534
71192832
153898021
932387376
497273219
702473538
39704403
36219534
477252301
482658528
618447937
134172836
467699878
570838781
732593090
52777156
35265194
841178170
292034074
77324419
860803266
458794977
161442269
785701522
471929580
335521257
260035663
379779767
774962516
469432403
55695859
2447857
264181665
188264170
137932909
610607823
428117129
603888193
564290550
231264817
496697019
573515018
284098354
841833633
996263224
921049572
254607170
286417577
86949011
522028838
500011621
889685854
918246345
721984531
738381924
100249852
527588367
998678433
221417403
858881654
344731387
626082478
791832920
494681984
247857717
878284543
944386713
263193356
638973819
877360156
32213746
486116710
105727545
683155959
189474072
971439096
822484001
954066705
909007684
122948685
916299497
717261576
181016148
268123501
472682761
757584467
121227340
278808337
29922855
625536394
761518569
757091713
17738344
210018
981169979
210927758
871535732
487138451
359705917
627879331
604720343
20426324
435915731
376554038
304101446
818993360
77248582
198886540
36171811
904109867
280542635
928958639
648075265
564807279
606348330
401065140
391158331
71109583
137371911
823512484
104502138
143118031
716191841
823367259
16701229
808184530
432107369
987630725
147986795
766362259
324230081
319844524
749692597
925837240
839448749
712366543
624391409
849190555
459353698
49845864
710515696
610226524
805809845
713623048
109516369
135846352
855782731
144185145
866933432
220813900
692333437
838093031
767888381
282356799
268665834
547043628
523199913
827274439
968288527
996722964
875546288
995970383
12976405
350145099
774636054
913043447
225137610
410466387
191050817
976838624
610047374
515653583
492336162
216142678
591582201
136026492
468219416
648984099
401941661
882923129
891844828
906555290
69215460
753545931
291974966
232971620
423349578
197179770
854560896
290523222
606577707
705152873
294227456
832254706
412709803
890923876
896826119
475461562
84329659
918056828
214787412
28939931
904961634
703284267
520876967
164769629
841583444
960411661
680511059
910921732
358087259
69284344
997081866
916695105
329605496
759913590
743649474
716046541
359122217
965320369
243062118
206989382
946234162
935303614
191810646
402203845
788238595
579930061
412679226
112231963
642665024
45795075
594940154
443138392
582472859
438800789
467899090
875901303
470507544
825939025
434550872
68151210
30393852
272942402
644048275
895581284
792031459
160486637
876422237
721681816
475181405
926375887
319741637
868010370
148530760
527331293
772146637
444321673
721634550
564221155
762504240
175095073
429867717
266366624
841685339
525574000
54150894
979401408
610350262
697950894
331320682
468577656
545432489
503944644
172487201
873628581
236096791
744135317
450981427
216507790
766683465
272844732
113051391
826182880
139029591
549436568
430214782
552345418
249873871
482192811
881627355
307343285
683888192
901805378
916322937
510403499
129551751
886248763
94185661
699719468
127106235
506260992
124383289
387858246
594553202
474570241
444649088
673366377
676018801
136449780
645149316
792075988
370946355
265136360
853411689
46026876
104520064
48120400
565141857
885792038
763361178
264669255
377712472
482654513
414037120
824123820
109130086
10474237
857557042
327856297
393068276
121818972
533087882
325311052
907505682
247452141
64867614
53729254
988113306
609612332
526689064
890640869
201536473
537269788
540016534
532857528
428924634
539744602
364936720
579828020
819542893
44225913
521703490
511706858
119479230
136622939
292439107
776466798
289350185
83065980
40840899
404742468
481547806
763276959
481639354
283996505
42640592
465954805
175737192
70981666
574718873
154337689
959974549
123683948
29282691
777532562
98509779
858962741
890303983
834572080
503938504
647270698
776519916
94296343
34218985
886531
483941943
417029266
290259805
180855597
904454298
652415474
369995271
83478925
214090194
183247216
668491699
609290920
103995793
647012660
640600614
447740876
621588815
317969643
500710995
187034616
163896641
105703256
636092449
42629722
654490448
861370626
595892798
214874801
224366910
625110336
299121430
73848202
122972631
309741896
564461611
475985306
161506635
314736548
112636007
218837056
244261918
527309051
474810871
868760588
141966297
356696892
497247399
87046964
33755014
240660240
813066054
679037806
512303607
535910719
657177564
538536240
984991198
385894189
320075902
170504074
302944081
228274485
454559515
482351248
202586841
75821193
377054644
498526953
240241391
501896564
207403004
764561561
930716167
113509731
226118329
792343498
188370156
745753341
346115173
253446159
870486220
445123185
741124903
475537574
471420369
629324265
787939323
145198301
676490913
169107505
506545754
215113377
71192778
861439215
474836620
49803399
609706900
743548608
568069348
251530227
691172556
489289879
858865169
222611058
739909457
324771496
182024900
87207272
531927098
943120088
31662523
548806725
661920998
618690301
503298706
359525485
294121729
959835746
947768645
600431837
79086370
662173589
325036386
316170711
447684824
421391490
898138264
483331190
711265769
327657679
338116774
126261638
101561909
275380353
939287441
999651836
329557110
546021318
405834791
610437564
68316089
507375629
689570369
485079193
121840621
889160433
823536615
620142267
132743614
323836473
579886326
116914048
223752612
951300745
84078830
572274446
463750067
394619458
519353910
710595974
123632841
573037473
167917669
460854388
833309997
132417767
869912167
722938288
916157643
410279918
438651306
665515976
78576785
895385077
579607444
706800738
424677172
989996442
378959484
327276001
377320023
41429825
534341367
84251923
535689191
281675102
244557020
495451886
780158353
608732130
864699325
102628382
722284451
196366019
894656619
963150126
32487033
719084808
685033548
760118774
676643089
277374860
589414689
372845850
435651326
509793551
439338512
582356726
27061996
360312538
722235028
846173431
535523413
216889372
513815101
551689982
802056113
779981238
225312328
416379006
71970296
467691091
189242356
898753005
185265227
828629406
869647220
8453835
343861251
115935263
118878725
963387348
179260645
477186514
902055745
457556573
473029492
824683376
235866609
94492672
480014744
171779427
268633101
351549064
391137406
69244124
960385514
532551131
761222374
653030398
983091932
319178239
826014923
275754729
681848914
703092876
852544349
711702523
381034655
816754433
280982084
626718705
966774879
470299677
242983600
134235872
125342898
901930698
350842031
227147000
943824456
9212507
795112170
693358749
417733196
335239591
751912887
188689686
736770965
482423570
977411259
441830277
85481416
929663091
328625408
680118749
74506836
738289767
536185275
62180679
902354896
234766491
992278540
175390794
772445101
238781124
320391547
700263170
66990828
450550707
574638794
673203253
206526756
921087863
984176871
553545267
727059244
955881788
203280360
712494598
489211437
967582517
358665142
303211547
327600937
760615207
302659364
307342019
977910286
74956806
213650876
331837816
562507813
465188272
635127533
503588790
38906445
522893898
421386523
453030556
750365642
164039774
994466182
892171211
803610848
364246083
145914867
371841809
819222945
504860199
890409937
72047253
937832127
856190634
482984922
532027993
509028749
312386137
58702501
890225185
882617483
219742284
787627190
487570942
582313960
719906069
155283171
597499669
948039484
222956478
275839304
202948951
888615484
560894963
524138997
725484681
129569444
778646662
404615788
245065263
283111256
804052427
92932381
195840263
812515020
967742443
582357690
62115266
557025213
34424533
512860247
7251967
484838107
419173779
40125258
216053347
792568108
302490507
852887243
149697793
181621123
57255488
198838363
98401061
666277033
328169600
524291450
941157101
468585091
812157330
309160314
65705168
658244093
353410458
740124268
871048355
817990869
719495214
800632263
852071500
76568526
340439046
220411142
412105729
426867192
543220227
810884500
585929537
506239037
135752876
228944146
698148952
584602227
338675265
331231619
673447705
336062363
759594711
975743168
970862133
283900574
166095946
712183902
67795158
719007545
41656058
552821477
370115090
285104889
317724096
552968218
838529181
843299654
334283046
188599589
886577174
416930164
397569965
824349952
269449733
414911117
70566564
699836732
565968127
866729939
25971210
544902521
828319805
433128748
499978439
712191851
714383666
254821371
773294199
601866337
236461540
980950114
328788065
573992593
486945473
683479938
740322705
165459743
137777310
794988667
62771281
377318186
441926987
724876667
701736600
515947516
680686209
198861721
444563094
336969085
241251144
961672593
452323888
438244568
416238337
66827647
255318142
601540342
11455337
985267208
49315052
378100653
163676429
651465221
878715156
87559120
508889020
361009738
806291319
254960611
696146787
407544985
902540668
944375993
691183997
267670438
729093447
375562354
238229309
605494151
390618874
852962344
934020117
9543151
931797028
289682231
718865049
327343860
737231680
536049481
365826691
813113117
125508318
890695325
43452863
254937154
52156746
410377113
71380459
797644717
638407363
618741908
5158690
327386499
206531614
197813300
904479624
219695055
115332578
334743610
208179437
728478129
325621214
576666968
380997824
242288953
767466633
624119100
342623254
266331817
687922430
98971624
307778323
635207127
60879319
935840914
790551076
995954592
991471549
838188843
729521711
62826458
116938423
678343325
152700120
391110567
78942073
694312474
286726617
930904081
620506112
201649364
175393460
749689430
273871496
339183435
413473562
588944563
439714165
116104104
768361289
557827216
638377262
497534950
678080422
365676956
209425300
768210452
816756405
493772303
557604416
191915628
492317050
296773814
1237148
732916412
545356040
215157938
481490922
572288693
509093077
103326858
335819141
589712307
97336075
291259118
58957178
38372140
111374442
668161393
685723835
1999763
439112701
874812343
817148081
677320699
865583075
160631300
675177667
483342916
928439403
226270833
503190752
984281320
165804340
590015445
219224385
559905764
943675778
988094411
589969611
720307108
154422850
718281039
381974712
792087100
263745647
601792195
371929837
343122588
245020007
305314855
322227244
211549954
812776503
713008681
753787674
65236125
368803355
788856647
164164688
971095952
160934525
330413539
438236321
784771735
761711404
888267148
841498536
262377519
58635586
281752377
791414517
699299326
585339264
364700567
937865788
949716739
640681060
387751748
472565183
858899981
242501476
397399844
541153894
893452992
868736729
356144471
269291870
529581797
667234753
521303808
695280945
319269598
462888792
599233451
725305977
47431494
908225690
759979364
721155529
16661445
51753783
427787890
657724043
450692973
189765507
542046332
647213051
835562910
178102908
304939092
233691025
478645636
531732688
897192190
396111395
415421327
8858265
828165785
793541407
288068766
596250558
511949683
691711787
474831520
775745502
410796293
18778151
319285323
594036664
541807468
870756726
631154614
376531621
132148689
138356637
270610312
43668138
901405777
269844529
162191178
640815958
503734483
33711170
97105755
200877027
711186920
340863673
432728134
926438775
850068712
650507371
733236644
293052348
245184732
291260810
69621813
307626520
6677059
266622097
619300405
654970579
162004538
506485733
769025027
49783885
794993559
271429909
895568379
643060687
796257922
726781249
192705561
714441973
413241616
987630212
574255839
754466907
510534974
299799932
961012266
873193342
778037461
67661849
992569758
289159870
778295929
558127279
713885490
141414227
707496476
77202941
286434731
855394966
51373360
304418457
836254680
16287692
744474401
894568915
386145544
809103599
621538576
795126298
300940415
68917767
939930349
859606735
329113475
989811468
854197294
411932024
907216562
897143983
945118642
295864988
872772116
111208189
794932542
1514749
541833428
729703034
454220515
169536846
553221750
975504323
253675205
38034373
347260653
480608135
389464412
260273636
91312106
367392162
191860508
441623688
302191898
199819277
174627126
146292901
506188396
730286541
767558182
84813514
497709884
592768066
250604716
710004907
45288197
343570586
277130526
36697003
372623938
75201635
82777023
545247230
224311443
998484114
325128002
671310207
833013633
960126561
946454227
109264271
521643234
692602802
156082603
546793474
800843912
750321254
97049775
517512520
688148862
480515326
526735919
781282584
312767426
517219915
795570116
365401807
502323018
332739331
452692291
539257986
394493898
946334564
380245250
255741228
196852726
23679930
146194720
750589698
68188062
40423676
667655403
642127196
815687221
474486154
201653911
816044060
747788456
353550881
735263686
923122538
922972197
179686657
309336749
719080547
385436569
466694175
598913558
83289998
17841512
314882558
768345220
872968086
171049803
506455949
472743554
819435367
806209254
509492927
759056955
727652041
787893893
70991991
251744603
61009935
937974940
48866884
941699146
91542830
653238522
556198430
878753151
699514346
273103127
504603822
338895321
497739709
561643798
988047195
354979083
517948454
899977055
424053511
666311379
110553376
93833002
831686110
96643847
320845625
323209096
441338091
729400344
405966258
926417760
584980169
980186921
35559762
616606017
73991013
906558516
618743820
667222450
613620873
62577825
376180537
521170593
142089996
500475351
789921391
516253311
46521561
974253001
349373913
46782270
542016935
44998411
237302472
410079789
725909187
252470935
756369623
40011553
69025919
842414250
448227507
987483229
866925798
378640013
371985711
707910834
629483061
625787612
178031129
599229282
360734761
125764949
381505449
575401822
736144796
444173156
894304985
8069078
194964724
234301612
722670382
174831876
116606256
541305392
241784628
581488678
669343324
47335160
470299298
12430739
461444043
387836562
66754146
524210805
687951194
954975128
617056311
758657923
864056030
126814420
910304392
299492737
829355009
630260050
906703708
666224378
72517059
37949647
236757479
268098610
723016061
39203973
468263910
499920098
322848863
78122255
863208103
293029264
122566462
650670540
707327465
369731554
385657674
668800874
651585580
585939020
857974287
430494057
810718920
567306972
195626559
347293185
533149339
242804966
567020764
76745044
357503999
598284593
20584591
976698484
915213037
347381059
878496627
923100850
3529500
133053288
425784665
432698998
934493551
895043814
550707284
654614004
808287538
431181551
643168519
454093350
78331953
850314440
108317014
537388756
60900923
97184846
707222481
753735557
816197308
683601517
764437321
104383519
925247649
498392642
168992345
177238118
419451251
870895628
620055593
560103301
3102668
645755960
310675492
349750603
553046189
498580176
972734785
353136
179009674
900786668
768648100
54309453
342912438
884255245
542743551
437198059
783821783
889248276
889883479
158951190
196122906
203937199
731062087
122264716
790948861
53969786
25965633
760255854
735224961
631550628
88852001
754461674
885494651
897388405
529324812
242004379
153843755
897222628
39720352
94694093
168588964
708395997
268001792
157202479
719689664
489606519
924174568
137079298
417998055
244134145
681269949
436067878
788927774
207609295
143838779
797034338
289709357
177445699
356083676
353766198
203911062
9620514
978642427
102822223
264458523
503534531
399846864
601384019
500127452
910821865
469368492
869175006
872921457
765117401
85622148
726093155
510182814
724842264
166245742
375474441
719859556
544283685
267489484
46032723
61443731
885036825
651440739
668034087
434935204
844590252
626042397
675170057
918048636
641076261
69043791
26969573
686985980
668810137
145179062
749899826
275605662
325069246
324390973
475393130
842402529
867579806
172734811
983103241
933885134
66389639
934208169
703294417
357824377
34410089
469936722
657609497
210055195
675973117
805617585
331175324
522643276
477473402
799345422
726154146
90234236
36888197
848314153
258623667
239164344
909428090
70910133
268511273
86144845
836191397
452540715
936183149
988016150
869539317
800232257
927956860
801138482
353982903
188533499
64648067
804812335
835596058
813973888
220386120
714036348
573249701
830030126
762805529
974174363
985670227
172580026
497029404
849087351
286976500
813634785
152775825
189694656
58015336
804729369
964654127
378047608
334472399
603796503
299692647
76085610
735166569
715656886
283260051
972608483
587749100
969859292
209523753
525505674
359243622
61739428
106981180
574527157
524466823
610860520
37362813
556387817
964513403
848829047
626601213
646697201
799849231
22738966
912797559
347079072
232007594
363794964
334633144
568029945
964727328
711613346
525181178
503821772
482643390
20326585
852718616
449038685
483901587
122245109
139075784
536326645
463244727
621724725
914912438
560987844
685506630
761005984
663787258
79653636
517869117
526793692
682719857
292093750
976008811
141618821
341096840
579796427
557860203
882240737
650814179
496284396
587908253
907827566
291343266
830102314
724848445
928095896
118419396
404713690
216532057
885535822
34460159
608207610
605669266
291516496
692114711
388464315
128680779
105120625
718707355
372962447
143361998
915088395
108660483
506982380
925649328
30765779
439057126
307439158
809177311
909913180
806219885
547995474
814658655
860880869
569794552
646184896
369369834
248632755
609050891
358170016
722477932
62470806
207105435
236526788
6710687
428747022
864165014
733277688
249297988
769148990
873241744
470779333
725490473
74289064
144926729
233394921
881285306
821731248
665691574
403482040
593363027
89864
645443916
36608435
53664981
243136370
207914842
491331517
243200980
913906373
105451885
893315170
890676301
156639270
867067327
150047763
971611397
473460569
639770199
437658771
743287403
356292875
273625425
694189268
429544189
525114011
967268198
788983737
585993466
545988136
210112884
799124131
994075927
39306694
638146870
912518939
234176539
11469888
477159867
929687545
118060650
801166068
300090359
361544747
80232323
925353009
822669628
101310988
601234330
159363099
257984543
48539252
989220531
126257963
773878587
809744808
611508745
546822327
159455367
815103807
943725733
989614126
940930805
514405000
904529408
765013218
464936755
773453266
48184809
890771873
607407985
347742069
310560351
724637253
957563060
659912680
274643692
821752050
143652323
735139574
960041684
323425856
393760932
253709140
153772087
524029883
670586358
843219182
961011985
169769761
85531224
923388983
928561716
196174226
324113216
404255521
259586349
995909213
166568494
28245906
979249040
602221087
528491279
38602379
241194402
571754959
939268291
982728622
924211029
968963849
866027628
819823698
317420042
339880437
964296378
422532297
444160150
92632601
370129023
525878746
617493037
609104227
946982727
882400293
783014636
179634321
93301241
856141064
821357563
323408116
26808064
193212530
177838249
465365301
331483451
174067974
313096806
208480348
751452410
634785591
666770517
779628351
604505212
896381476
970884987
725102078
899947766
303966971
724006947
322142572
345968344
267776752
891400583
962929424
618483246
370377856
563535601
858852982
617424841
923219039
567668631
783747078
502010325
759936776
937448620
643344248
439259616
53707320
295715649
426374969
625104724
835917388
552218430
23637691
272671101
552279000
513864027
993499221
26104880
488274528
80517250
217701005
791112837
210835802
879421816
113469088
266044365
556297059
166950853
914269822
140563538
636643350
305972275
143092320
695343901
966119655
960447549
695194295
757383607
789811365
756553563
81827657
711408019
917694713
517350948
955644073
389818711
566547977
385855279
453800673
156029418
987284329
654270522
769557978
488096758
497343249
235488799
507407543
879293462
84397991
486493226
317599390
488419833
448097573
252311583
985078704
947135803
380971691
895653831
823375792
585558633
101698642
37735223
774656100
467299099
279577568
135843930
223821912
832246360
294121935
80141618
610841200
426930832
498562260
200503159
411997066
564931413
863264815
738519343
642718069
531288143
589052277
293971130
387144788
483086581
373390459
100136916
838500176
474041618
839696789
452969339
231792050
480169742
420822011
530823933
382338921
96082905
982959710
66055155
621838489
581366484
445329749
530000782
586787090
533004086
274385521
168715953
433641045
295628109
454714696
913195930
396660217
399871810
4750730
185594143
437232504
857301707
453112635
202018794
934806840
155533964
19383381
573533277
553576520
761267471
639652355
759884768
354660379
10424755
406379220
289478576
546137891
94099192
893900825
381683255
631035921
781581746
46627645
219811401
709391375
661770812
246327603
115123000
933334669
420473835
592984952
782429337
978005792
22078416
61170082
25323786
914390640
93483968
8381296
301612968
187431371
359269285
271168269
535692871
57792628
814599330
402461892
744234047
29884810
380913749
151499335
234107586
720229126
729137301
152274675
850692319
380715775
765314108
187342742
800290029
670717659
622773757
111773931
388524087
484635686
356340648
595052395
202740804
380611478
392815171
826980272
92923758
850221692
505636158
559873672
710429087
868950591
102090673
320484598
393123491
562610297
771884420
785225403
32358826
133013375
234499498
349197294
230078368
335894667
153489067
700796462
556512049
373170393
487710323
127131257
160116814
492755319
716804709
832527976
808847024
910363449
690959985
392876599
727910910
347885431
796185075
122843977
233801837
125688179
40113618
473278146
763272884
421772952
737605348
351939537
908610707
538826820
362573337
137916852
407496581
915489874
152345892
21501267
912646026
152818161
780067918
708531026
54460845
225144318
32904471
573431949
553758330
164826329
245084889
429230253
991322959
839796167
392258275
290370717
730300346
297859139
5842523
7026159
613044806
650811382
182441570
660493122
135102679
309459837
200489475
625394886
694604972
617954779
80175817
668440902
310901702
865492570
486459251
158883382
726300619
494883309
114627228
52559061
252766205
365992043
269165868
635639572
199858801
147440991
448656525
174480915
459625037
678267349
815226284
364744719
650202528
79324860
663363490
661788316
255165138
329857365
250800580
570657439
145187064
793810230
976816899
944053479
341023696
616785072
740358393
364100555
804641736
807417200
652158066
208411383
447014669
915193557
732013471
542976834
792363285
288252438
818261382
170425295
116752142
244652743
705678158
805224890
977889067
917688457
5392820
186688191
397677026
742394902
47383361
579600588
327336090
369919826
112253467
943585806
505683956
556974822
345756932
761182931
606571871
691742646
576588073
640842236
860241987
667777632
999577712
656549175
696233413
998407848
419970062
135627729
968329431
386963545
292600966
342731760
291276116
315723297
964886034
683314897
196580208
44714578
840961143
769870092
397041302
606176158
16999993
206105304
624271507
365931326
531861282
827131444
979026015
656601872
962020963
435047017
482007309
584365893
946816008
950394602
25170171
335888609
25063717
429737812
165644590
653228889
718659594
663859418
546846628
26775711
473167277
415626075
925673082
924432643
33856578
666742548
73096077
597673906
990629089
393797346
119866713
14660279
987917784
898268253
240146090
565889670
804511428
167146081
260222796
129833810
291160463
121816649
212954467
735824984
117574864
704808031
251239593
279244797
456346095
519666788
516814014
655297633
604024473
873255493
780978000
919679065
933361766
639993971
601484899
401298497
207091624
215729887
299423193
622511374
50873719
732665442
811552613
492211171
851334392
227629667
994905862
867906815
816198160
513209428
794420554
422971601
844299651
362256987
818297542
964793811
133684020
490918344
213559924
80245091
801376746
369827456
953459519
545099188
791571983
526258673
50101505
324734254
442020114
827424233
265467395
568749440
876423057
879014516
331531143
680488132
651518267
475792310
743848467
185175186
908404781
127904929
624410499
541465296
251711500
643690824
269635395
513825076
198288911
856841014
1187472
643827296
806746591
533262708
594894147
361573805
260431876
677966767
306445953
982026057
831624975
739875286
621747701
260524320
283965697
429423644
363413569
739706864
164902573
514903301
349192307
416847600
946702308
373426595
929645456
627804603
115190558
995579275
998326729
96700180
832184992
993006131
143569439
966386017
998187123
62326701
484674520
975321498
201964409
321031055
225309930
389239722
406345963
62315690
75157227
175099012
152422317
253049417
131316077
589817000
710271472
716298428
840111377
983564811
661715387
993947707
820471114
20496821
311508782
609856252
982279178
953560770
401900294
647169737
55002242
111897313
940966751
254887918
896605749
540710300
811295675
373357980
375129676
746691247
888659452
172461
582861488
876299139
681544441
637395968
174891246
438822728
667456176
31501276
482504198
335710924
187513399
789172401
390622559
514608203
430417487
302873962
372113166
263739802
744389376
963708394
571191742
609590509
845096898
448913785
791127253
458567209
158157192
422919679
919107375
476201755
422090124
375011242
516736640
51669090
906546836
416662275
808823845
684303237
775891721
103548733
144995190
392587204
413581557
309106936
664966124
978622717
670470645
196097082
72333239
266089063
115539912
95212696
446730156
396195622
98398123
1565706
990913848
785424493
299518117
615688627
110080964
667368268
720662184
888169670
561806608
534870768
592857175
377131186
790377484
944466100
866533148
18203146
525543495
435942793
91329639
414443434
462117493
584887110
217171388
200757545
472915301
918594415
30741183
853668217
956530613
147346508
229556624
376981069
229551751
458003057
589186123
826713105
350530753
871095328
694752456
149129050
9895299
374763446
70393134
307947942
641538674
954220145
310916192
993859380
966013018
21173561
377363837
56582514
644888721
851808349
193527455
584524597
89008593
766750342
703873224
6830458
513515993
477689131
563233602
650234864
898823574
424207421
148825435
821444381
187676109
579783023
390265519
971554522
173954858
516324288
766951519
737651401
126023597
216127746
257087957
237881675
989434851
323503452
26119647
399889822
662621330
720365069
675308848
480726862
536823790
565675722
437710741
22899468
824147261
31425513
229543789
666625617
869519145
122600916
481925933
978781762
756345225
517265322
99706699
209762231
794161716
488672306
153390751
557716339
814321914
283722975
387122698
173762498
201182505
463916276
509634997
831750020
547175357
100158686
155762300
141326245
942755281
625988552
838773801
305376264
868472892
834578274
863473103
587617671
839486745
732946025
662865258
400401246
737978516
602408057
42946695
56030096
767352038
608341757
819117931
44481076
113815811
234948682
821047237
833906240
241887637
662914331
760608813
688130552
21263736
382139081
154248925
289681541
636008054
700320111
317268200
406017092
304084196
866508826
712171984
541946750
623134570
565469323
732413537
192804373
414045903
36308716
738141363
782749263
913374956
123532631
566855996
635311408
77270821
842719348
471100179
743328097
263185376
838840689
482579089
922549770
944753839
491675882
91088757
955782943
354856924
865928258
593093017
785403844
481384676
19179594
175422227
399048746
661627437
842099724
297228810
142299894
397640462
587571407
348269354
773309711
927890494
901648479
430976016
876288829
735135039
581668397
474064850
681977103
383399008
886189357
748298381
865046731
672580314
754332205
38208907
326390728
335424329
896286980
741515946
793702965
113903194
794070109
272872902
847417526
181152238
274225286
742142535
148965542
462937662
441811482
736023949
732893529
437575778
628467723
325668714
599554041
840693534
851277512
71448360
914497394
423471108
385151795
217959931
127309314
550643591
728562965
328602505
985992509
15284477
836440681
512167585
96601945
283325465
314054959
753443702
7737066
863002320
644512656
850703165
510057180
5735388
394432424
425918813
293628648
873376444
803711150
994705782
904524269
978848742
479104030
307079670
616684436
91738509
176646680
238341157
241488373
848554398
777884772
531544639
967070634
883778234
780236950
710577399
816721942
487550963
623730348
114891842
859335277
475147463
788280870
697711150
26775532
698514406
61024207
963065284
615887552
760504586
442548058
248290793
466297156
801762821
692190642
919840068
565213238
817060455
32220740
668952966
431526820
655146674
160512541
329674920
609096833
117825755
42409003
544212737
891985556
129947820
364711382
658254030
854573985
748227626
303241393
224354409
117203935
218625123
722674835
770897009
472542781
751049021
98895118
885263548
56576461
344707948
753591168
976166038
7990090
680346300
902443254
470716681
459370068
50808605
649334415
362310874
570908067
944413052
514067325
646530879
958321590
104939201
191762793
436636430
870516861
984558641
717338349
548893264
855767830
474018285
110553199
578782125
548379946
545092418
644332413
440421482
163658046
169868017
364657372
489880193
569710785
62514902
495161229
61645683
773646766
63727782
2006298
539155576
151647797
826361878
753734645
917993660
609996869
87941293
637364042
952915539
735703211
584278772
114252361
250334472
958242315
350203013
536523899
540742775
76557647
551045328
800275845
510623907
177621509
458983873
471730469
805804679
335885651
242614162
601408765
639948068
646295681
302853782
635768933
498284588
384397184
216242692
396556771
164792766
174016308
734036479
104067164
812358984
157559322
644746036
798789777
364815995
824592362
313888284
504005064
663895794
709871155
124445163
49297081
927734553
714177852
694157468
466889222
292992804
957557178
857085921
333712986
914339293
806792771
638687959
144419643
597138470
982647367
220922876
124928325
30500118
971972366
213303929
992891389
656286323
923630164
994735319
843841222
813631468
96781680
34369526
550473830
537004721
300169746
49046013
68547949
434778355
797364721
454246375
854485822
516704961
8441745
552073884
363422329
147070702
164166575
561080144
198655311
534182950
367576864
952465873
376501761
3075740
618989751
785933006
966668359
82613026
189435338
252373994
460362141
359912693
807066559
26757737
153240896
415895642
436175649
915296155
98070439
963823775
23613303
963625752
896129868
197188095
597732228
901797971
794499927
635251384
215011229
580055869
914420523
87402733
566250482
952742780
596724999
868381033
382840095
613706101
639788193
546306015
436484312
241046274
588878724
177098071
827230164
609874991
257419714
275867605
758626590
870149587
314450658
884552778
803800531
350833646
568400241
756110109
901051436
978439890
338880730
345277921
413934668
367414533
989247123
284722795
592921387
904176938
73142523
782043545
92852841
952298829
652292278
593395358
150849149
752635800
80131225
243565693
597827413
790858842
101132856
554658854
457064718
379279162
794028990
21585458
740711304
962167815
735030309
185373728
217538275
523889079
146732246
20132748
245417916
319955066
465393952
68638137
947349870
901465372
42141948
23816206
696795632
875923994
995369970
69530924
87095447
513089858
716148935
157339433
595637685
26877607
502363052
574893107
462009822
470118501
868339982
36245542
871644067
284108553
110901421
489601419
707342766
826184916
445847559
839425081
635320620
403820896
961625983
230384351
566720711
760767977
158824970
430613394
801765608
69153651
318552666
332195929
558617626
424435408
100043517
385444549
210827505
496443577
566530083
389111124
466815352
790647128
753690187
717749237
426155967
834100635
131456428
864391057
84792614
674916143
87274897
387381716
225973817
810771099
188766515
54029778
410318851
14370313
530274341
874031541
255571268
703514110
90190129
280673349
809149632
25708654
151661963
954868163
843372313
475160082
724772183
423233534
140682579
548766779
561228745
122371780
257777116
526462845
852017336
313858830
291230263
237199281
680481632
832497931
147390508
483519911
139224363
130648464
862259943
635931012
181709059
147367725
261085641
789149289
955412945
14548029
925746085
945272608
306473415
808395573
382200806
514851470
708891084
51570012
830603053
550399762
68113354
437992941
220690473
422331945
718546049
68697082
809982384
441047738
566379424
918226817
299397261
127129103
763876061
21633697
20640654
208109601
385622508
529583171
607233337
649836001
915387012
108353019
870883428
168522971
16095141
479423031
527989297
384036532
817617274
874052684
629460307
291823317
336025168
272490572
852645978
422381989
530901589
937834070
986222709
799812742
894854960
273715147
220827126
857767250
704123488
84091947
765113808
862800605
809943382
893922389
877588542
206764830
259920399
264536409
430433183
618506930
8042793
973406491
590924078
295826184
870024333
949961243
477043456
364344933
568394839
480641013
44755710
38785730
478126497
508427766
555311840
291625044
750928621
166697515
309408504
868619866
375909709
991046717
127617843
314376279
528443066
887133413
270245473
339066132
21063513
618015197
245837368
287994182
515323838
46244267
216996323
956702025
831614926
660781513
286452408
827049414
229158950
76185382
702986717
804186516
356912323
237294348
33625448
555984803
597760999
828478202
279706236
656858321
693928925
701431265
476465552
605890805
908330388
326857150
928671462
348909224
875518640
882585082
817158147
885387358
725528970
405223287
732548920
739392495
353346372
954104654
278239162
708475391
537477336
482243877
783330743
347969562
61807028
858159027
383942154
658969428
470675923
644372978
253391526
909836061
873711715
984483649
551088832
312694540
665718019
865815299
503864497
427854169
825055583
5835407
557680939
136339589
382068143
454902106
933872350
149461654
424473529
277134036
981559482
444672825
447964408
320770347
349235515
866924293
429079270
907637678
511571483
952253931
41749797
678843205
954594844
880413651
511436219
975922090
502704011
320846431
529876077
540487504
173899646
34694789
354271716
844827716
642481877
389403618
851173045
829716355
513809671
527239737
965360469
403945922
429212027
989316396
750395193
750338203
757553279
974928012
31022191
90693661
448080118
944341226
590631590
727543825
171644260
328631644
499709866
234522879
71416782
848008600
381777189
752987058
667544738
816246343
99665528
421122400
331648111
138026297
620837723
239919520
271178732
113192809
501639519
869006738
477835412
831907268
9223112
204391560
445497463
64801733
832604966
658069909
74935489
990226981
270181439
34159123
404155533
994628025
834068050
457629706
576335718
687904450
685858378
613037699
256356021
356502778
100022070
309931389
243383175
666885185
982831131
395964249
632591661
607347070
191413962
873323225
468460633
226911234
913687393
101307354
78053292
685273146
88585602
853197876
117452654
726405442
538872173
63696718
34620367
399503517
605380187
284968239
167909371
917687007
924661251
524682195
240185392
195980262
936852975
622291718
382698822
391705355
814734860
673067082
30921460
504997296
59443841
776152964
444917029
470894822
186744361
116810492
890204955
464381747
45828771
446856256
522212070
614939501
694817161
546750626
607238200
573882223
831624694
75644505
955926400
738714610
893420897
719091199
290752151
906381621
447648177
110359279
639489206
214243678
894566567
448981570
133215617
226021673
150470916
355823629
831479232
690587710
535826666
950283860
757647328
234184485
310274387
659729502
990819128
52937030
636741487
104542547
886898764
55389361
160545697
281359688
915831223
204333575
242684666
683752206
636867368
127119185
61120458
516323424
267123738
278117890
553189287
816434491
686418971
748485184
785814805
377679840
878602965
339927055
503486426
915015461
363975888
154321446
263058508
691809516
729342490
500359259
834898663
219989951
32030165
973678069
768127687
134720820
20692896
666322399
496561890
695630050
647946824
526171837
778574880
646291151
983291759
885358119
700502068
111939889
208068562
814097068
28356303
655934136
557921676
747916988
73247138
79055156
890523761
10015677
537244547
592453079
273944751
471663388
596695980
504978761
263989606
419139480
436827328
584653283
811195320
363582563
102550191
851087331
949545219
824909090
333182142
167669793
395486145
653545778
203379288
686931168
383292848
696024195
4343792
450325531
985026955
667190809
264258426
774114406
316061432
783463268
542199982
625413186
774388809
40197632
279272293
496861080
748018763
574724154
283917565
216138467
219646462
977546238
180099788
910778156
583180431
355978078
764309554
654322411
950210840
710264224
524590401
334051701
387168360
3309186
406226242
568153549
194191400
931534484
215716362
8348059
394566163
728285480
495853588
880307194
22712051
139766561
559241317
214963632
210844903
588332615
195621601
723851418
686747256
771980804
929834463
598221579
507089199
684961951
834991550
329834975
52539887
916602252
520599177
553473233
138440905
699130916
314616020
608183792
335095821
165950133
697615801
204738884
356346176
829086349
472543682
697548460
566713579
278493524
139777697
81039248
496434141
819835310
406821558
208717519
788277754
148279389
673292811
205568956
369868257
893858339
895821042
388897511
197445689
943850310
813809736
24046052
149949796
227455719
962561847
196062291
669107429
270834621
329671369
908796285
653275358
969269408
435793763
454251458
292817189
619729681
276520530
98754044
85334578
549103344
854879722
26598324
295647594
746706185
809614747
812562181
45401886
754424292
342555394
620285174
865404642
236135149
443589689
373450724
694495477
315711977
408306686
142107647
695680129
178048259
534156882
71243202
218510689
900938474
348985645
519299824
506133321
58251017
938320000
501975071
19831000
453911687
863440440
415798114
886282618
989304485
288509541
881214134
218047141
667377530
121543294
175569958
46557252
528414826
95109467
953907663
755094529
321261467
617481817
524868185
804681325
779509489
827313144
873814646
758948903
414032252
258261556
656898765
714683190
838790123
220923148
956685847
787299707
637155821
811729407
412708320
157831614
288872761
190434230
689021424
954624233
36081390
427496115
127063736
922957097
164761607
783620978
80205482
113911160
721739983
772318319
732775274
765440842
935735527
749532491
910849299
389690534
288333622
333597800
786923176
756850831
697304019
972700727
122250181
947744705
165743937
485991783
876673975
755742106
969269578
171758894
347282302
832858028
433578307
862429515
964720764
596313439
52722439
824405235
399006857
511474776
701547647
91010108
476424019
88966587
258684941
714690885
670334704
721012092
904091553
142808526
593022028
610478054
689005345
584956269
756944196
170899681
204556969
710772739
213995799
872757184
929475515
896150821
976705270
457848884
96919543
781260752
75417813
683960598
848883016
754620296
258682371
143278914
749302620
306168016
618241346
908871130
85713514
926318299
808228673
657406988
292824307
792253323
43314100
59224062
783157132
174629544
234275227
369010320
816772511
160267388
56259909
851443194
492686677
891521292
324969377
831180111
651204600
491995351
887721318
107148153
676430707
949468318
246549701
651182862
873527983
499169970
254879255
797817595
611130793
183541875
464556785
657319791
699091606
944517484
575053471
64537728
16451075
908452165
918948136
709704828
810425706
535974950
80965863
836649015
416421278
998401717
928084523
697630331
384552237
720925914
735125756
162475027
586565529
266837154
246159684
203062036
907320704
146669445
310801488
893856623
413756450
903641283
768311777
18128078
120014349
661460032
429098371
276079550
60643846
474141982
415154947
470778187
417443603
549369910
979545132
51750390
496102377
78629659
380196591
528050704
674635906
494014501
818343475
500098370
419139270
775825169
271971314
956895777
370263779
395281402
121157521
820848110
275075284
367372609
282503808
495109598
913187604
5489917
171434720
711123163
97556650
915025491
129642580
306148167
446615689
368468154
416157573
970573607
738945704
405466862
168903908
264281492
533014578
954262397
258617474
729616552
371768793
704285287
923978184
396844764
592194832
259290027
504634927
205667506
487398799
602684214
825802419
97206609
285878405
545048312
922403753
256747656
175900100
186542379
137741784
209572686
368390844
804394114
832276480
402860587
879389891
512212704
642406298
970578081
132108050
900156624
690738723
228558888
575418786
5908210
744142212
495771444
820440157
251968507
705082985
820591223
288865497
69495111
19986557
315645418
939487320
252055151
763896874
80489378
303044292
35138567
904569789
567358527
904498866
233620808
977702118
715226782
324009537
421305261
891326850
155919767
359532586
265914952
557371020
211652000
197384521
74642919
763560889
583409607
492885254
68985527
2564982
960206595
29483934
101770258
521592338
474595049
297353936
816868032
245041939
645957021
770364718
231113549
973962082
473002977
395256423
546071475
445358575
966588162
818350091
423388172
354663697
33791001
977215680
531090470
728659361
223834411
38951992
184594547
257025440
769959895
975933994
915328857
480147781
800306387
184179985
57978473
412947999
273730044
788111121
412765393
300878510
169932865
260152927
766508590
18455393
317724071
328653548
929102753
891523918
106672091
468218085
703408998
129646318
416349521
350123844
174375548
469233169
83921440
329725024
768948459
868957975
110929497
438091310
282724473
968118586
890331856
93962426
75482935
74967932
252804617
423904355
985502495
837290330
472482725
693052309
250979123
3582963
850159532
191532021
285256158
285770931
71610630
60077453
878309025
113127037
548493557
584303524
576331874
314989046
277212440
154517398
253533405
383884698
267158432
460220530
694038676
935949007
372757419
445229850
985562031
473832538
92717828
34700062
93886518
166511359
584213482
172647396
368208109
884032704
413554369
957474668
588122046
618829660
387906671
586534927
228431286
576310323
881126408
529496180
545674357
275378163
909807260
980744656
528843889
192134929
941912187
936430944
607233326
346988261
497723028
76131807
947255477
946645270
947053818
507658996
274759347
759245288
841589197
716416006
739516123
720007757
45505556
271382795
954902901
412250553
793098621
757050892
895185076
308767225
670272430
113734105
700097388
442623271
665995687
144843406
325876154
652342052
914538558
442710862
285670408
710880561
661488644
407677588
287047662
728484218
496626705
257865196
179292825
88963318
786053242
548010603
201146283
88216935
319061635
295905723
173894781
766026997
970585929
462310337
936513297
947568817
719889396
739115756
204100924
890084051
817837412
984565347
528246755
366476172
881695647
650363681
520148580
950340359
118202211
85278700
196584151
660896436
385580199
991577039
419748486
906334625
266226776
422195068
268277192
892423515
95628681
234993937
104961133
698939786
601470003
949476111
265254641
829910777
917695405
572748024
246728520
172050651
912110502
610757653
884784470
837373464
353482585
239860814
951739206
255690538
226380311
997242131
449338146
675651718
781486339
822941628
916117075
372426049
786953083
979652140
362093398
899708430
756195598
714196420
792360522
376579256
792622947
605735841
75842797
899024500
634327178
113377066
825973455
618942162
490670759
554312574
269270255
993521758
600224930
863259320
227044501
916479106
960765045
173698107
994538000
27387505
663612398
529271053
645429067
541163103
848693324
388673802
471908770
386995981
459953539
76566081
947990666
435629934
436031087
180407836
29558605
921389130
454870414
42085599
885123823
914554020
528424654
790974201
472273395
839975117
118333743
616123253
762184380
524110943
76875416
554614443
201749442
266674979
934806371
858623091
198345326
29384091
170507637
718186633
507489443
255569151
325401217
922754464
251160261
317200944
377721795
980382808
988765546
773826767
79098039
177789960
6283650
212485228
455501083
340015649
547610607
294494925
640579016
245485092
358514645
843550323
393878283
150759169
517261907
95637789
544992424
88221601
544780308
690422018
386001434
74229874
175206279
121916510
317614572
168451060
584394999
560798136
120896414
690320545
99388781
269263942
559927964
449432504
876947881
125198383
612253697
749466374
403899507
25401242
165902644
240484568
280165268
607830273
479757246
836924358
91938890
876324996
73969799
39117862
835593343
756512208
294765571
87463348
520633876
685877213
906961236
820130575
116531420
412875075
608780916
326544521
114819019
230922291
716311225
568611456
12582705
106932375
998114254
846248534
12719406
914730978
47475607
550153016
826557571
694279047
664547267
33836779
777387312
661494299
40211641
945179508
679296763
445073503
523781118
657933350
197753768
905023274
859272048
428547723
219622771
301207465
512708616
918949109
647370527
778785649
778065056
132475687
837194317
673426007
669285981
100500749
624804280
30704113
640355532
741978115
336678149
845410004
42056839
583320770
366078030
623223575
139675684
900916099
683834571
649101389
167162923
291160306
589004652
96491376
770086237
102504297
42614934
558611999
290411486
378581086
132144732
415702661
524947464
381441570
981193743
483432809
278988061
337016504
364358237
546315569
907879956
280970273
682444148
244695526
403524631
556543710
625305745
181278765
330961897
343705949
926550499
641788854
776182547
172339939
98943692
206516540
217728447
706000161
885783858
720160191
344071596
492939869
762143133
442406633
111868967
839818536
188208965
443346183
414643096
177408809
672841095
600017363
701704021
666149055
904326329
939169839
411359223
953326230
715192212
204451150
998559165
314056351
124741269
212601548
694858328
898284322
856087592
863230382
657524162
649318829
634640140
888643477
774906030
163453349
838813645
996951341
300847589
421818858
208228037
923490151
967750548
660841930
881484134
408036977
696690707
978698565
100930439
361046957
429654283
957169827
457161217
872766896
999933677
358939595
277564928
642720621
868032617
148355777
316340284
577837616
623236624
173161559
585751144
572045917
310880446
31087368
567437590
608131301
717854882
454009924
22382462
308966237
247427316
105971118
56992072
533247641
754680592
374045173
615283676
604792634
952760929
933672341
32760322
959080568
8509445
7240278
224551607
259825575
769067295
179457876
450821312
713295182
331051263
528631724
350686452
59931290
595768559
990944657
65595263
235446096
852172406
311009038
622291596
421280600
731145538
478740583
105771025
458012522
221303938
385159775
12415521
265197043
647477879
735703028
43967174
875567839
299238976
577815451
490512485
824445019
33816530
334510232
214396527
823086296
198461723
217929016
576204126
861953659
174528845
298786913
486326529
576023504
771101755
369554117
610707640
310208285
558267898
634691265
765067427
68353191
325015298
817398032
306241910
390992916
274179416
977755271
983998896
800880882
674794656
90921445
797193822
65451663
67780538
688871497
740129629
134946034
313180621
794568597
377736483
916573862
514628157
181992115
50491384
497825408
195581677
955771623
973699110
821006288
456822984
436441985
496852023
896123558
30722562
633626035
986061379
132789780
223448855
729874567
826707938
395093905
370665804
851772437
784922578
564390860
787203855
362538667
929244180
38747556
271521713
109275307
734575967
597952642
700186125
282685470
758854436
626074850
758066435
493006575
188126596
655875671
133447967
356722972
491396474
848068163
465176735
30853206
693642611
149554347
600937634
495128153
369156560
201201014
953644801
356768780
278128407
288860111
858068911
2028092
138735567
736892031
21801106
856910433
684131
358880897
392722924
476216922
95922055
180397654
764014053
925102731
210047185
691683668
194389212
141454601
78419319
144228942
549805175
605337343
193846706
574335292
814983130
741795184
435317132
602751734
692469992
516810055
116260366
973226022
839750542
659895207
150654857
556433501
687015904
115023436
972051087
817565213
153562052
518917332
590121764
562368119
488986553
163394765
624812696
849165700
114087337
457109312
688497988
344825656
667419262
586762805
844339383
979942541
41557044
982320830
798103901
671561181
133030283
959839064
330227953
45547681
189592838
125149577
452620185
695819200
841447767
397823806
990428047
798849764
611170868
637696306
358330176
985956064
393308673
24868504
382946128
529507820
44110179
11256552
255717943
113566476
462391696
613324835
224872539
9535301
116866289
687904353
252263156
167312611
775363068
130059851
643627132
546044323
608875027
582232989
859996700
412225765
217019384
888621052
133080587
148044429
427447208
681536242
601350160
282808110
89245045
349637958
510957980
914932355
410332596
954903628
942430040
864098319
503808344
726868865
79844318
620010086
351401200
679592708
863473604
885287703
496827467
470189748
809159432
426870361
533145052
84322311
357641630
871844310
619885296
805591163
917225748
777782628
564417268
829117523
736525300
863868799
576210352
149291343
666061080
331182764
867078316
943887590
479365687
667292311
382276904
274198703
611591248
846227297
227796540
214727497
550287727
470244942
838442899
37064154
898829065
912943571
361898336
909653843
889490743
333212063
639550212
230858978
683511716
666470000
405436648
965283681
592713373
634040538
547480663
371852485
780573280
368296487
435398960
932075954
604951160
110305442
909103501
920634078
697567374
335540036
663925403
305395558
113376955
631804768
209843574
680996890
824237385
801445191
908687750
783601348
915054320
895799932
69674870
706077229
541805005
382569836
951170072
19180285
16505142
570380524
192646492
1639928
730158518
766471700
61010925
964829745
145973152
655082225
558831941
704469217
730245437
769781485
81616671
846240722
294048828
228667663
120022783
144297645
458784005
583850378
827686966
426560663
314176550
924689692
62867656
383278320
303879091
776689185
701262973
986012912
134464022
462133152
971575989
304505711
993526005
905772577
106045738
810471179
148468117
682532265
685378644
715241793
93460487
309907056
201059188
446725552
571108380
866191403
357254351
951532094
254536768
760368259
288288181
895512454
375211979
60395168
82217647
38086867
781083592
236581708
176983738
499541301
204404816
456520138
20809164
838353849
258611384
436036349
606491464
232446
348263347
94094597
105456238
590067417
20150440
289676374
221879412
620296764
536771596
302564547
915239048
746449055
710608037
187802864
3374939
150064669
441383053
954084687
546987147
221738337
914481399
512275763
701882466
471618727
504696887
12618258
750598772
859358208
784188889
425123778
992175150
490439630
217115159
975858225
35666808
876080173
157306720
278233621
451735201
148090585
861007567
554528178
807105998
5443814
146454042
657781513
970344028
567983039
467665937
209423723
267820261
643228666
189431561
929822940
687068018
449965170
932081767
806024592
198810447
555688660
953215083
288067751
845493512
838813657
913983989
369757592
621712425
551201804
186224758
999845551
714520345
591174578
950607236
545713621
314798094
253719447
699061028
54754899
544968403
510544841
305900897
458564699
361435023
43046678
194321329
359945256
926591500
687698827
498422088
265492390
632115151
456914160
299162128
120108078
767218806
234675300
909055097
593829022
997858638
421193401
626575140
573311632
923988572
37579061
887771884
577039145
685856136
578734749
753131625
931694027
847689612
281068089
748232228
632066445
356911153
491869996
233455626
863827773
495857579
351999225
89898482
954847088
242242821
809089146
676215872
7709992
682936654
510046679
324634698
560077356
976069666
837722840
115542269
808885211
721590119
880674639
898051661
12485634
951253745
208813380
202621090
527335972
404272264
652328994
675904932
238315979
843676434
967313078
923559860
180470555
50422770
973156995
415082971
225317925
358995064
884142214
855709065
948504762
193024256
611644040
49513745
733444123
993809399
985786956
576445296
869200207
235162694
161269585
725358580
349584128
426254172
342025119
952209942
597321089
194325487
162534200
760258493
702854855
174184827
795620485
901302897
495707031
150175821
674963762
800295113
664822790
652563095
764705670
80793109
324632972
972399247
901201792
941499772
320233926
455516086
219290027
225492498
922854500
393660330
512477898
632350021
966629882
307383897
398533681
111589986
934549406
601259035
120811463
920201073
21816622
777708731
233151608
606098538
115382748
251949319
10269831
288832928
803852624
871258161
166939139
942614643
551188727
170374397
773738631
740359664
309351941
992627213
514550434
558246450
591268411
18197603
256052486
169460699
820449330
377526956
572851313
935350507
350092582
382450276
120444139
518410294
557056133
575198581
402419630
962062956
828477757
774306864
963601369
697087546
822688476
349526420
262155751
507914154
521064148
617155469
28907664
405214604
504134703
550720797
483974036
450691814
352022978
391316984
34950409
999378020
481774826
856945283
429950997
975201455
165927435
145750804
34457878
368456004
443537503
800324363
228891007
301615463
405543317
240301449
559995997
192909742
694177918
815301588
147456107
806509129
486828141
661312919
910969164
775941473
849197526
369371075
658497400
132954569
428610543
913111541
553043919
554765507
166070042
630843398
982290713
436706189
462590311
793597030
566146188
111298810
715839455
741471334
864864404
505864571
924236748
316186917
800474596
284312901
363833074
270705745
460770238
501535335
813356087
955994598
446747262
273829070
137008353
147865707
175346990
775460463
708544244
126638963
782737809
635682197
512889193
414346650
430636521
340010941
519270289
250220583
941495992
631358175
867153680
106929465
416830052
850316141
918445869
775944052
74377556
231378737
859952590
246482113
292898550
336573324
412639118
572330230
939300008
424303011
488353157
622930979
276313570
159754455
905275597
906076030
779611579
562782955
591236061
537046155
716134769
272652831
153444910
803049007
59660938
397663729
778267206
397250700
159237202
435186115
536280032
383590112
483584266
465816985
852174335
291672172
603363973
809807456
179853858
958436611
527221121
537277304
513895552
798204443
368913911
179599151
571273847
258241693
479429577
511335379
294889170
102319778
135432686
837820135
929620716
437565849
486911137
674699623
392250853
535784030
944641466
622277539
344320532
416107789
710438886
364923748
455264560
345633175
608454708
664855754
437717430
51745199
847481104
963752612
989225097
32163055
278621695
772026030
46636639
108879610
776906251
717199779
298353250
522703426
708788814
759587259
484519035
93906723
147387110
606092354
284068096
928802273
221589953
242678272
401455383
193349749
282515323
795364973
82456631
451443824
827465342
621643298
764052241
296887179
239267113
789074491
159138082
825880261
75079968
509997414
556520250
935360566
479046
114049504
855981420
990627029
472043589
210758386
912664469
640564216
840405245
504369624
412686055
16162091
42000436
319505728
332622326
119218551
475059304
670078247
656234057
758289977
44573803
284146613
340841780
546618918
960006566
392638892
505762027
618447064
426446066
111051757
223328890
398212355
782753385
801032327
520278922
341597302
730523036
981611906
351369182
189111611
924629301
216173017
135879456
154763119
539545798
2798234
716140504
757113764
585663054
832683798
612329650
552893000
784160013
722337843
501500998
176989891
866354774
434637887
254120032
149323714
47820349
22665693
299015299
365906800
19694893
232822326
318876926
2035381
79748724
427251867
519838313
314277922
481475268
738847746
785629372
487350429
736483684
251022528
8017501
601406876
121724660
191507892
638649920
293745480
832836345
364113379
545189053
935691935
957672337
515738006
502597045
476287504
438361762
840827230
677035150
490851921
667788305
216914590
195075170
238088195
370729256
952180210
828712501
176665083
754391031
736556473
450155678
667162761
460833265
63364613
64051728
230917526
544966593
608501540
272820631
249037548
131909876
957598159
997644242
526566946
344255837
790278023
437948922
750462637
518573546
330369049
214056651
216401463
998390484
951114966
851140869
599994024
522087180
549138839
658171148
212025252
693802698
867215961
56300015
268470831
641935467
765036540
659824372
448476770
903375018
962914618
304934549
382282476
717284997
765715470
843045283
356306538
60463187
422472197
510067210
428744298
248701049
549003471
877605888
450101283
366655980
488875302
763968484
97122621
806515884
613190611
87318347
410528296
757906386
31660371
678820270
38239602
499620723
918683550
4111627
443838658
436770821
867638800
397165024
399264991
468240011
236907014
216202433
595307103
834042787
768661398
918028213
250304786
388443467
441593901
964601988
681060660
410449092
61477628
630648535
720867046
610464671
394268057
352685202
190012908
638746118
211674418
107049533
529543350
52425665
557115103
173000221
562267760
984564203
964311899
877266107
669593236
498602962
38072091
185758687
214140022
621538325
796799392
954903104
608694811
589873580
214885427
957535237
265911461
297297113
398526855
859283382
1250508
77424841
277416311
102782179
791462165
518507815
709073151
891881342
365535038
550342312
295475648
786368667
672814814
956961586
991207799
146128630
134941621
943827336
54809059
332316160
381819258
120106369
605154088
114526758
964818065
490602501
448078273
788228630
986433654
834314665
780712357
44198083
669091236
332809969
776294522
37875609
977665134
307319085
578022167
593132632
449190537
906808979
847843875
28766717
78647461
295397950
623279378
14072579
258662461
965857418
82737771
129486179
458667327
483396803
222019152
123088050
141142010
336996737
943462513
933973363
543552258
56047823
843616718
150290048
832982118
233444859
906758899
480700618
53279169
951714565
990747626
612740196
824534514
514316227
724166892
543317207
714469860
244696937
714941434
161992154
19021930
317743469
439220107
591253630
908106593
938067506
2574978
961867996
735047877
977833927
4277214
427288492
289292614
539992807
982876080
37865515
569699758
154485658
537044779
23618220
557634707
761366079
832761771
140607810
6527033
736380561
37862431
808537734
192481346
232632945
948953644
12030600
127720165
242926498
322061057
812932325
386885629
237450272
31399688
566594286
855299029
253067093
733437721
998133798
791003813
846575354
442521608
226886425
206592199
456023019
36453056
444380250
17058503
368285080
432421126
779912074
12672006
547585901
46494526
956155530
265230579
999096443
502153307
344282174
586918362
897318713
9577322
184838562
116796486
184752509
524044481
824779023
48810670
102273375
486980996
965980458
442904442
746043736
50633797
880611829
753228918
390319848
477151663
370801788
642619012
743555814
600533416
90259318
364603254
711189312
253120241
801121423
18480158
941565188
644951070
292886699
261288746
438395968
920740663
847895396
353542899
688184073
593298868
113513728
7757488
959183913
438886103
659603640
394478429
89351752
9918619
545009581
289671686
614726130
97851073
674163339
97263492
486760396
710221225
383661023
537807928
618871345
461104669
761663001
924507248
361197833
516961981
535853834
263369510
206027120
377820020
960835242
22711557
774027978
475129849
907127976
218481467
346773729
93228744
774545856
59894755
251507652
142531692
252675792
151914460
14820635
307654381
997925882
944312407
71506218
736688895
889936610
15066612
803009076
132178339
805309520
302432509
401328728
730277473
40533066
321142946
180908986
210812448
888110557
525827110
348857657
826855626
407349586
573552276
904373150
505978827
254988112
497892278
597746472
498099588
919214918
718890775
118369059
888577520
823772801
156107471
98693174
122664491
402443775
756526860
555691757
129343975
766357780
849188065
439314928
643758290
180358805
764706916
348445356
489948607
236167651
561540868
244691476
823898322
384720761
840809018
366122848
829508461
314436366
433295996
326010629
181983923
148527241
348191228
869276355
24715267
426506301
907837983
888359584
171092221
982941043
165650869
594981122
630064685
334406060
430653099
985075313
943846396
620000714
234235562
621189400
128927397
60646055
487927298
316515876
37130906
516820454
863259239
748335079
705068
170086954
722545745
927057766
74550235
742610728
582041907
952809759
751927467
29446506
314249941
387567168
956271600
841507935
134480377
448107749
789155523
905236342
329783164
624582254
967286946
512859742
752090934
563307486
373059410
253787562
490496623
707977500
943228481
837457437
783918654
630683692
533391451
742772769
864693398
740631775
913301665
973117964
985382640
302231666
364549680
983219068
142608371
500996265
764804087
12884115
976036544
879719030
965924358
514378385
189794839
831992866
71528501
470468178
73120636
284594586
974477707
925854790
960705599
174020483
57852995
277861442
265591579
594280894
970620700
103549302
437678849
887573021
119455411
655336412
838609629
62297342
426689774
99410784
806268756
312474887
260215530
680805306
78217710
470192743
447819441
362897565
65687281
302188440
573648648
874590598
477644819
296746817
691363490
522110910
955840393
231143879
143603818
960742971
927971161
426897105
64557775
349132060
64527441
790160935
887648843
276337797
610924126
694269054
318508381
705796904
871462303
330267027
818630038
302595048
290283455
944652520
986981717
126456672
265337929
310040683
571832942
774967086
664846046
401192623
258820920
130355188
253263205
501437201
682846949
5028079
570288887
369578883
478674341
447738221
613511756
201813707
261824837
701745052
389353259
888067248
288371210
795857369
163016446
29666426
730381899
12311104
602301909
440173896
959835494
987433345
877830622
228343619
948630504
326140889
347929397
640760708
959260911
933058586
781549216
386713874
216324654
500867420
716276090
430992447
381763127
934784035
688093544
357307767
292799384
199914103
510290232
55814244
134072394
633104181
894008654
651892748
766339466
237516301
974205763
135147167
534440798
419941559
514748312
811823570
933048484
169008804
529205208
608043195
897763262
987828358
837324363
413625519
951100588
907341698
194273499
464140321
960433435
191352203
652569106
757836317
324762007
596042873
958576139
73639092
71191857
79293774
881201229
355892520
850336007
208509681
928628044
205923025
707039162
433042607
894952765
989572934
276552081
751298444
892124339
680913391
82117098
299757855
872903131
553698149
283257560
19979015
231065076
754208065
901987093
383255941
720841809
655085051
334455705
287249667
693994799
117664339
692503035
397035618
306078296
787680527
724718039
609610942
1525894
740001385
62677584
971317126
266602377
480758619
559943549
910773878
171807089
402184408
846291694
595622339
450632455
143762619
226252266
100329475
654161146
14872445
633902374
458931104
70170355
795930285
292406782
824954108
512564245
129018795
530835391
208950572
716983141
553031188
234733397
884183964
401237932
89873447
421287601
850825034
457507577
803917606
137927872
324838146
373058908
79304787
420240173
911145176
820829260
896802234
119203822
715472225
926251056
936155173
882704059
71666277
402007926
687058525
596821357
428981751
456795203
887559795
181736809
815390851
424360564
673881393
3555630
666859202
58715147
940602931
696207926
353498479
902597542
977308213
390981151
952635714
105412116
674685589
89973130
324745562
912795807
186013146
690589917
753263608
883080481
189982163
430463361
18324071
806707001
493930666
616096460
88624298
667977949
66448840
864034181
410799657
23865197
201859575
659714914
675207111
634761956
105937374
544045092
123543058
857873178
396532602
859407499
931393387
499140221
844270143
438802518
147979118
117328094
686505983
801958022
827274498
154056971
403702389
993017266
372489228
432977353
305338331
498331316
903204093
966559614
586869054
787256480
150759636
962341566
922841004
582239326
983792946
83796355
459734262
115832837
106726760
266700979
685679382
460154967
534549097
747359903
808564971
141779931
574248166
455761979
302489725
821342433
949863573
717959006
968847636
358639898
800823269
750906885
321560254
929067465
262512901
551245081
700568219
460884436
148360757
585597189
526301477
834643401
845465397
679018514
396763538
190792120
32434026
601425102
844973409
162134009
428170443
160739610
313055972
772334278
34411440
343847851
764081352
722892285
769416988
208676691
688645271
607094384
353610211
203856386
304675566
486137604
827875889
458865865
822298553
924945592
880969609
303180168
837959725
189660115
624326368
623390428
910881315
3035814
101020704
368968194
56520667
347359387
484884239
697612690
455895673
776170490
589044051
316694627
253478330
604219169
976317824
278043654
728977034
416809090
381325
379096021
155704709
115878699
197764174
477924934
612085958
858903220
859600990
35802713
431680303
293540577
554893232
106576325
782246130
369577973
845739225
24057928
212792536
489422176
809183599
288903447
35674428
613033114
343074006
478300048
760696516
835731950
503869977
966250305
824145388
897377426
609892663
806692986
836252585
643961424
32371531
193411812
934505005
762014073
505041354
102788766
119254584
965736844
471089979
200304738
351532227
215004122
293473213
8329496
259299548
176042955
611953776
94314672
784887464
717374220
29262993
953535490
957972112
765628872
255889648
503372433
363413523
405306166
722758949
149472122
122761254
961191680
830243156
13461841
449994538
714840762
188057842
681493135
614558223
204352229
913757625
108323136
121035372
996027924
570971312
758790185
117585537
633589931
212252224
706504922
729832509
776901429
603822359
38260317
64947566
10152799
125746547
21066087
728589609
490874479
869705009
745355130
343647183
39419024
958636750
76257572
28603502
885368196
405310962
261729737
11724865
990148015
765395842
174056138
191968432
401619853
94318716
49623070
820983573
504501116
867425901
380043866
230472254
8749744
879400725
903219902
235867644
447385411
624511121
206988839
799857805
331249124
290845791
790842780
358783612
256932107
881078368
79141784
573424795
765709841
685266154
886338271
458287392
980362040
994403666
65320886
66693851
840004079
825164459
875258307
262985958
330170477
794383789
394932285
224296149
744854510
858755645
301963720
284955490
291589556
737665817
210262428
249774372
506628199
937342233
395467477
808187327
512941805
998195374
373734654
712483479
629355828
489812494
906825100
201443697
878089452
691246025
811463262
243923027
71372029
93997584
538219883
693014013
93232701
189763429
529016921
951125500
380593896
741295093
909147380
736816293
531113815
336030638
804565823
184229241
248156638
44105732
419039790
416748378
877400657
653433532
391810750
198653243
620521526
651862304
350481878
221764571
279953273
55111081
929425440
914273786
308432038
535671012
957330872
907129159
988574236
522194697
816591925
91577223
792155200
500020416
294719313
559338987
210046573
211778807
358306760
803110419
320220313
414730588
746562066
790986373
550435106
467509437
156163524
504088399
15556898
568413914
137585349
568818717
876136766
205907369
219487319
956768505
641445727
623880117
525462620
987095945
815905500
532660737
901781841
435696254
616629177
98451684
392738186
552150060
663376921
631570571
317030693
905484629
958744819
323929697
992467299
884692084
594702685
730183702
668913315
596619332
901247395
301300023
883993049
357126911
699591822
752389240
678876296
233870409
721462773
666622954
355126323
876780412
307491961
303169769
762223897
905732558
842600755
996861641
347491343
928926730
330621138
621397267
313672682
507060838
964565417
932305083
153218736
181855913
180352768
832687818
248704712
517192437
216076190
873521628
933731693
207834141
344890788
905528731
933301074
674960682
93955137
378747629
19584867
634881070
241019220
717699430
389611683
330072737
561878856
275739315
970283616
307338250
171342307
505108710
619355360
911561994
570251510
847743553
287559648
393756992
844100507
512874839
595748312
590393701
944527190
412425941
185671880
595747440
678632473
717503941
930041470
679769659
119262782
924151181
767780851
608161963
488677395
890035764
76620564
140442390
934477424
879560486
596138513
396601238
711505738
235834270
478536785
981562927
539216050
358395960
623835128
385905869
665640168
837322179
262218246
808964340
233437475
634571212
59656746
451205603
406671005
23089624
488481416
404602596
797663669
964009274
885637869
220656831
913090854
579434362
448960289
536361290
140679130
433043114
164135826
886016609
227678280
304778591
218736718
705938334
211720028
747463731
892315432
225742165
714780992
419290533
358096289
352119867
346246642
358166482
823335957
439909028
473587569
970444126
217863673
582787466
322152112
31673160
419935689
46172274
503418947
58098717
559502328
515787452
431785221
677787170
180629365
819327309
393615419
126916818
334323092
498865676
724185278
391073995
504576136
399077744
870400427
854567700
129028172
601213492
95481968
495022563
666993264
152228037
261561189
274592498
500904775
436147191
875027459
323504590
758033596
598447252
674631190
520168961
242735939
330985870
966094257
429232957
625666906
680086119
912301279
839619395
883002040
885270977
559165634
424576573
300297220
747875771
253423730
120108498
135402671
905646361
376948267
287681801
212485201
406390134
179519306
769190017
140193286
932373743
961530606
337420644
351366391
121526324
984465819
878696462
353161495
736843531
884902479
761694653
150498423
336361077
901603866
191413047
160235809
835682763
229258408
570698897
526326420
21232718
562963340
736106016
74950046
161285891
668558035
323896743
720903310
233018125
57274477
229804847
680277359
491268591
959127411
226509313
113357764
642190620
525975742
956510756
258589531
7689946
736692153
137282062
440247841
217324485
950495193
981244990
395028195
98489976
79279031
5699852
862861364
662563037
947939641
991242504
57232386
847975249
317992519
493823569
917673065
68010598
562721058
420096387
89905339
279568591
736309373
66627251
625498947
867283759
720071466
447216749
255048458
448072426
394251830
9467381
16315918
958596553
152643031
488985294
193290331
890899811
58982135
728208558
619173982
319598895
528329370
905492242
867334808
670903761
945553900
825887832
514528703
746180737
753467020
524411624
285863600
829752897
241186823
830769952
583051516
959470640
55382466
261201409
308790004
78717907
945649426
829319314
775533414
511083190
516104385
86840884
791372384
15428495
493411813
687566042
420020600
890840881
2725609
606312799
669473910
327513987
62366171
693428503
297177268
7597190
757333083
370542713
146892554
489966367
272460397
221241771
229104257
820780412
354067319
61296030
174689401
36088318
849568669
826702269
677900942
199880386
504948669
462885779
693659682
551710927
766865944
175633279
513054008
708086503
869211306
549368169
540173274
500379693
48980470
839180465
89799769
371964000
643684210
74675804
37729372
869129256
397119205
801649562
526185841
216388339
193001857
25367329
875007129
385718810
793079284
268627287
869199381
652236667
293753561
453672050
2786818
331425256
532872563
353816129
234940417
757054069
263560400
672190729
941534664
872161793
869047693
649003282
143409433
130329740
305089011
185563121
556907411
153430686
177345754
320567314
393551923
375069929
21182933
783630668
746355775
830822938
818044967
876932907
485752748
958017471
708610380
427935781
934777416
70534252
164637267
434222283
409813833
261720212
985257285
357169522
602402399
98509408
57029988
999845852
814262342
375638811
928756373
845462379
605468872
634361646
358323628
809145697
819084329
590126318
169815051
29173924
481115113
543440179
392453181
639873390
278152969
596748140
365342111
731605827
178079225
670687861
250128222
849760420
147459196
615429033
789137486
838369259
233557890
112939858
238191209
593954639
736258050
473182433
276738278
854077835
822886052
951933757
377443591
823553530
921286591
874067410
2065473
850912900
350120731
419821962
474922010
463182679
314226581
902895728
56152828
984934604
442566416
60123698
169539662
466982279
379594065
32084578
564949710
940602848
420620938
621627235
924081917
792298752
642239638
33674092
437498539
898635416
85556769
130386170
684862459
16664405
605867076
226435868
537223772
663819931
740546242
612551479
838147231
123375615
143771367
609920152
909704081
76544027
266542783
976611902
551774166
867142264
967573291
399184789
327705539
364400066
753502427
792073259
82991402
401493170
648322561
390097332
709743818
588769656
113330589
122936212
231032811
348317888
761791860
874534221
46012989
932452786
655946493
768933577
968808538
654685220
651349763
141452462
718437143
612237011
655143414
472791972
902472012
545608173
708755522
25024924
667653988
929709408
132929182
958592420
438360791
453535295
726668390
245998560
821228104
690743972
837909207
397959007
454367062
481086208
323595320
667935382
628436010
627300427
279116561
773088844
28188846
277132464
427133741
396627344
485257990
288364499
663604410
970421636
783150137
482048036
470074721
179466545
833111142
602679613
510303037
323171353
863500023
437295737
517544988
543253765
344208196
920964574
898095988
99762208
519366744
479733072
75316083
526400684
960103903
753023035
216610904
98721434
680183305
396186412
431203083
908572657
595343218
130847094
191258663
123635960
238853878
516206621
768886010
774785807
885571505
2730894
818858044
715385312
574315657
889022720
675297672
649010563
840359801
57700849
3211823
173599338
432551068
53943255
324198507
953933008
683213171
918382423
920554007
616980991
176255362
891188941
801352133
779889378
986010505
414560896
12486327
667439828
296464359
326649178
137602034
653015719
862899670
218376018
194346279
152897150
804395809
959456504
428097270
292293880
264531201
40253432
867129899
339208047
502480585
675465664
183484514
326961939
447268295
34728863
414405056
355031651
267866935
551148647
434250771
939887046
604032684
63541022
628743444
452390124
117626631
65865460
138815716
281690026
194592343
453013085
137463490
773792508
377207852
429582678
782024765
151006222
928572679
902314168
546747115
171452013
817621931
864014063
566745708
5631194
486541734
82139706
456768864
247909805
596227552
221545730
325525605
589376567
473010169
704279664
955205747
377500816
661815829
938413874
519684886
374610783
135095055
415289061
720924746
422648659
405366473
315326547
326094590
882771885
745275464
234010429
467449469
552494142
69482015
6851836
19209968
60282559
11076195
538970205
186996798
631754880
713189534
215602976
216488689
969255321
277774426
149055440
651403404
422508734
687253782
747633299
771911447
213012413
844308514
376179403
822727639
170308961
503600486
259840462
106239212
325191158
901831329
869988800
639279195
673068018
466120906
904408192
279674130
406191062
867800872
421613495
496801506
635320205
542922277
806580778
960949975
474847102
971873038
400312878
94053597
559655326
562954623
593295428
788610606
81093257
843324114
705031720
126267726
699988620
929764179
587519500
900330474
568491230
844564758
305073554
645637773
250006395
289586988
464446233
328888008
286375790
125503592
442214329
860516222
461099217
383527888
140486508
845739367
791983931
569595725
490561105
967209918
116169057
880949214
498432300
36364429
726452459
649901076
639754754
303484277
422340451
337069955
610121188
736277762
207400393
630737121
792715060
748184628
821552604
919434815
114081448
854285847
486812183
915145696
254588147
573220049
900529697
801518737
132276286
631700043
716949339
384648767
605262613
360872915
632044680
849563409
444147700
317710528
749322897
345455682
505247076
896466145
778824117
671183027
226728065
139291971
300048397
103707327
485298669
531822170
687689562
877768706
590944435
733772687
958529619
954135778
77878775
952749153
739403739
989353933
61363017
395544780
332335757
727700653
353755244
776357059
930845450
885492608
294041691
486537770
691096881
670506612
772407949
952824704
825184836
307172263
394139619
699370595
726699625
519073861
315683291
998877873
503897450
96195695
280621969
486954735
710088556
906783581
151084916
601986379
711377014
348850998
359048003
538918052
740368392
902908468
858792029
41982741
949195
600700635
490571253
684862027
646557683
642134043
845357918
658827945
706669881
585321044
422937915
545250980
113253364
627969821
45042437
718125753
711517781
815657349
325524733
410886406
803491670
88059552
339582431
406412118
569439624
189531186
149531990
248168050
969757673
535438845
728427847
227572876
754698814
997092828
483515703
208777416
961647310
672970616
998696760
803739091
948891110
399268751
754177620
512405887
295791663
809597798
15834519
516137789
776530396
83654298
849200830
245203614
547977356
429444415
492684080
33503488
951602989
646319689
328624097
436404611
876775558
187894644
108411455
218492798
174772007
593573618
349259764
464507499
897615471
452962164
479151611
266136404
949908348
766541544
233166775
909706484
542196281
794869364
353756425
482781973
955838406
391431446
890563167
961026
299445005
844072593
94745867
699238579
282857461
211359133
628958213
645267258
489211721
485779554
274693075
357769537
567646521
16136395
568303320
280802197
151853131
18540297
866325302
608225606
357080015
462241398
642996699
340369451
293916752
840531897
308728137
473711568
575095078
128183045
878237984
844092119
478970834
404452484
189901286
984314720
520979948
305627772
156092711
598680795
489755047
77225420
381063596
746175680
242025733
49425401
586977432
279824630
376228411
3328218
528952481
843843816
754625059
62821059
828985128
605433719
270379563
390932020
879430975
716162146
731900638
274629572
184182777
898265962
122353293
967690508
884530747
634553883
228444651
300288705
799994146
975657758
259871686
878092530
617789873
289213404
240296440
816312110
719047691
625924770
612531441
120382558
798213019
999119009
207174960
711163696
961185845
195451992
24563738
944536641
980439390
823090999
244639376
939940838
103476822
748865563
530174351
251204620
706866315
71714121
280193935
368504145
229190366
693756584
853766435
739233467
781810485
260727973
86799898
392457071
44286747
829621281
419209607
530272659
192491148
105154061
717872045
441513422
156692898
383751715
912063500
499758656
743206808
62583221
737462215
985866647
714314888
892855060
109457678
263072503
407034991
200731720
241543794
940796944
59960123
339600798
310342515
638922730
161474397
463237490
588067709
125169184
416455140
925050352
490135806
651254742
366975476
231680604
816138340
821518543
606968748
731808479
694191982
979760569
874435799
921364542
513732624
820309376
874965944
94606118
994503186
982688538
558912506
116547335
639225942
59064398
730367002
102840602
760520737
269027778
255676903
762943015
83277643
125351809
885788668
820969691
283322813
619500974
120694367
459449582
385785964
648137671
145699848
2396048
648349115
395558854
563095703
982462885
112841275
258418119
432385847
18181371
353516123
211852143
108827510
944924850
715717497
563959842
929998776
865985061
536489406
647934454
434457287
704223105
797810957
552439732
486823620
337382159
709249413
432948382
974790354
747820404
403826696
930580430
923222282
269282243
61752388
98005133
590643517
435572132
468950896
638764368
758319973
382967889
149704515
220340703
13853926
970945900
597703405
370182244
670580218
527538138
359749925
545520996
18324937
991596955
297228426
740982864
890940571
866403075
891656961
287665272
655795130
503846994
118545732
713856175
183648347
772116540
799089815
777282581
358613476
869112388
939423269
387831155
880909022
322249271
72708568
919238728
342757663
677012487
558833447
245949012
897486940
350975744
637518750
3178164
432897848
671583125
758575111
245409161
95933559
508252962
131440064
192797186
478821197
91694800
534763437
281659927
539334740
789547853
748149042
312389146
863919681
382049595
553881431
883742382
993250792
649215730
265867993
765674182
24307143
293564942
274569145
744021933
389219274
681151459
438024437
577834494
625783272
821981804
725743274
616849370
132663452
179863523
897905659
33882339
717465532
831515610
895530349
729118592
648818262
627507394
300444509
911343236
244202989
244784830
129431346
832783937
851098403
11678563
159184924
735466391
206944813
720194695
356797109
87098664
651668073
840689770
340008314
19628223
981359495
830847889
149200633
518765607
979619292
608698393
948579142
961230190
164258927
911260365
19324082
646461083
648593383
394130319
932526975
722868874
954151887
525470044
540685301
962501922
647059305
424080360
617908303
25083752
463415288
573251666
809088475
50082024
943739359
422218611
803579311
984801710
354016036
883851840
788419286
838528761
232665336
335223122
862672756
619053847
822164350
770021705
467591053
619609577
123569442
230865557
907986598
419123101
538098859
451330663
826101181
315877907
657254741
75532987
549050965
123757205
741014661
863036267
38360575
6030346
779842697
69609119
625237140
888200814
132586488
349281432
680001212
10930830
706771440
5206125
510556736
130395549
288446945
269265291
720570201
103979135
963577091
706831715
236383028
749736460
291179438
727911870
251839843
288591028
910546517
409572609
236750789
58094230
280189978
710412321
445249409
290785394
4166651
484048307
301117186
829278109
932858774
89617258
114852543
320103420
299807167
681216622
533426835
500951125
163544814
883708901
383735587
678064161
821000885
955869925
293975973
559345679
160703063
816313343
682586141
334682000
137547965
654945149
415966025
398178336
932993573
584756429
312957471
957509392
485337188
408956332
39141364
647866407
489597385
882285227
493801563
975198501
601923894
140806565
907981409
809249098
312626812
23566675
325577151
392190659
4418572
454020106
32760757
979995547
820304289
631376585
398861002
798561611
336897545
298215663
965250798
889769177
809176688
771488270
964390352
968805864
989349305
407644765
809067572
769762387
384776314
700081431
831139552
162150423
588078160
832125351
938776252
925627222
961072457
109316309
717429577
88027317
616506218
199809470
252486045
354789418
720827695
588609643
716386541
988573271
288172644
972914790
896428076
218242922
388453244
169790986
40274249
342797722
743476815
73905193
805233900
542779909
876610314
160488148
587942014
47367494
707845687
77959797
505593121
618703853
455194844
255864176
221903046
297271290
623729647
19590770
230577218
828531399
874898664
285777908
528241861
402278286
347467634
550283416
648036231
86508085
467221305
430428415
951392679
698247735
323678069
595461022
584436433
335352609
870516932
789036655
101465044
614378052
284939683
719060002
459682917
998896414
434166612
628172932
15333784
907238380
605591940
796231932
295106896
1887535
687293913
749790083
476112376
222319858
321239646
265083345
534094334
884156409
576977391
867139983
549884502
294736484
383972548
577172717
552571229
446022780
988800948
498103518
537217600
644472210
468101854
67193300
105545624
371138841
242371855
727389209
196066264
457708967
661803084
195399403
743245015
235074909
434248859
414556905
101454114
609475802
249737566
481522603
566238707
587716852
515973880
270873178
999491612
449867775
754125584
745315857
995181828
889222947
222084793
265118833
979325930
415568748
209676583
564272786
241039835
952641603
15354861
870571315
784086697
736798111
122347800
754107296
300076886
781244894
512402564
67370124
753662435
609422955
848372344
110935209
250707617
176206609
914031805
288187719
739551354
91385958
815012190
746850410
871237834
199564996
612246016
217701740
901528197
374737160
101020681
91051770
204677591
948246352
851590123
220182126
489287283
317666587
707661347
691064323
114282558
901131042
745135594
203952333
248164137
460666131
313812893
455811452
356409938
692283439
120727651
750533749
435885786
995900858
255799347
722072767
282153123
233792199
127436568
474806767
876442952
735923660
737495431
704568793
963383493
779450514
581560885
657577428
650236288
515544488
982646410
433683479
971270552
535593506
969628866
807684125
243398414
351087060
127174061
122005997
735767921
429915699
349505706
73985399
767279293
236769274
431538350
601385965
480755966
123395127
239309076
867201989
364359395
580425454
626377546
753992802
711433704
536942442
872471937
706591470
165662811
850263695
51956761
164746913
121466485
138216111
417345826
619259019
555556774
155449060
449991700
568786344
675540335
320208506
249242685
647684402
375078805
399033696
910185579
457030318
793258906
813310204
281317598
324904638
551438561
238899983
616095010
794121694
588668498
101298846
693054001
416122597
514243053
1360479
147348355
106146818
962613737
139024677
24421953
828271090
221915340
336605929
486305864
552738678
49467924
622749333
638575248
827377553
892322370
215984958
931349889
628127008
178372651
518845192
768312555
167404256
428161538
966667547
487144728
952721306
878862045
41880672
835309623
18947229
677907913
110341310
946546251
604046485
657619362
374164062
175715015
543365748
413556765
821278821
66806179
767803409
865542361
784953973
432115754
777090022
252036393
284068265
622956374
375169233
572168687
829578768
618252940
910195993
804830174
401269021
393085270
377951057
301342212
197704514
750935912
707783787
292472812
17351933
306991089
922637519
938617227
75914694
259599618
982607777
837088626
441739200
678459693
639339740
776499087
55558110
656229080
468811665
177773197
670908915
393232315
821318195
594707575
225796331
896010181
238825236
44044729
677010242
557816026
669337904
976596595
872700670
637472986
806358685
759733074
548167059
169966472
7345125
971135183
663591041
323131947
771011111
4434335
619405403
577287278
737450426
272798752
327184932
985273162
41717667
935005671
628080510
751681088
896527102
666821059
205328521
241786079
759314741
306882220
852718039
20112181
764090328
454777283
57888902
636990233
383374256
166123451
54116438
137497381
632163003
315654211
580795193
21294914
59546289
525667419
204776299
84469242
249456501
285732325
221355066
929822633
787528238
282449379
825507338
194432738
371837893
90133443
486042388
104988959
852207472
589132273
261048424
187616775
144870577
478154982
938525839
981438635
649575910
281258814
347832263
726603411
920728070
492556030
897505808
175161825
430902376
270388957
318527649
376970870
373123072
959186703
286365549
577709412
720736308
91802039
515959050
335226418
110865093
100361379
992663822
691307927
593649974
114907020
326294803
493871201
465150161
278613768
274015250
423363587
982988204
685870935
799788409
950230082
545399477
684099190
52072296
164595377
839976327
775354506
618704968
264934116
350551551
68773158
370811058
428537813
451278941
515394466
989449415
867508278
97121592
977579686
747925931
536505766
894119986
868322583
134141422
938034947
625182696
861456596
60316957
683804214
471048250
388051405
400749144
677187210
248617502
126186260
365949030
13804671
26798920
38246628
355272997
460687696
253463934
443493930
823991099
772575031
891512576
519165548
419970870
61770614
356471352
923562418
941890217
504228515
629727328
875657617
212933045
819561356
229381170
51081605
289862532
1260192
986476731
263517914
216051383
863343216
964007488
710288316
339211418
483104858
560480933
498089098
773349357
667259125
584538613
740461264
768864697
614492792
685715513
55094257
763932984
146209946
214814182
333044563
802109867
654550585
162323603
996018536
652508587
983506191
504335063
243113452
500084809
525127907
301422896
94819673
786481630
209044488
665882044
4220961
472527551
628540811
477165103
884614522
505679470
95464251
725270966
376331266
132866223
916638111
260570546
864271058
66778887
73462340
759088655
921120869
622773674
579961067
824375703
566075116
343355460
88984042
336724899
535451281
129876415
681745226
779152110
262679384
228305397
221146319
153439871
834690204
755317836
830152266
871757139
874353192
935572562
969702568
423152557
579322597
793455418
432498562
55244310
541740330
354509683
674729637
597173371
599262398
699901391
599796302
697200122
495060579
341304885
187129082
550765323
842856329
74631226
660737242
276796379
480911680
22404893
691396293
434786653
772003707
26858265
355119182
441684812
827332116
815070485
810155871
861640408
6410729
35356764
313428467
969624201
112078382
548016113
666207344
858010280
931945385
988189823
303594759
428008989
770263433
381378440
393517512
20078400
694789944
714234712
193560624
482555511
935191478
244304957
292845444
435571144
390854089
344355775
843129125
224822095
585961016
133045298
370676401
384416622
478149562
666856351
312292681
95509197
261315225
844728549
322036380
900073669
306034182
889158522
164499108
9572250
784361207
485934192
544293073
277589194
776951357
857756032
985082633
952101179
829629536
317421264
940114506
347864635
692685569
